
1  9  8  
7     3
4     5
2  10  6  


1  9  8  
4     3
7     5
2  10  6  


1  9  8  
7     5
4     3
2  10  6  


1  9  8  
4     5
7     3
2  10  6  


2  10  6  
8     1
3     7
4  9  5  


2  10  6  
3     1
8     7
4  9  5  


2  10  6  
5     4
3     7
1  9  8  


2  10  6  
3     4
5     7
1  9  8  


2  10  6  
8     7
3     1
4  9  5  


2  10  6  
3     7
8     1
4  9  5  


2  10  6  
5     7
3     4
1  9  8  


2  10  6  
3     7
5     4
1  9  8  


4  9  5  
7     3
1     8
2  10  6  


4  9  5  
1     3
7     8
2  10  6  


4  9  5  
7     8
1     3
2  10  6  


4  9  5  
1     8
7     3
2  10  6  


5  9  4  
8     1
3     7
6  10  2  


5  9  4  
3     1
8     7
6  10  2  


5  9  4  
8     7
3     1
6  10  2  


5  9  4  
3     7
8     1
6  10  2  


6  10  2  
7     3
4     5
8  9  1  


6  10  2  
4     3
7     5
8  9  1  


6  10  2  
7     3
1     8
5  9  4  


6  10  2  
1     3
7     8
5  9  4  


6  10  2  
7     5
4     3
8  9  1  


6  10  2  
4     5
7     3
8  9  1  


6  10  2  
7     8
1     3
5  9  4  


6  10  2  
1     8
7     3
5  9  4  


8  9  1  
5     4
3     7
6  10  2  


8  9  1  
3     4
5     7
6  10  2  


8  9  1  
5     7
3     4
6  10  2  


8  9  1  
3     7
5     4
6  10  2  

