
1  8  10  
7     2
5     3
6  9  4  


1  8  10  
5     2
7     3
6  9  4  


1  8  10  
6     2
5     4
7  9  3  


1  8  10  
5     2
6     4
7  9  3  


1  8  10  
7     3
5     2
6  9  4  


1  8  10  
5     3
7     2
6  9  4  


1  8  10  
6     4
5     2
7  9  3  


1  8  10  
5     4
6     2
7  9  3  


1  10  8  
5     2
4     6
9  7  3  


1  10  8  
4     2
5     6
9  7  3  


1  10  8  
5     6
4     2
9  7  3  


1  10  8  
4     6
5     2
9  7  3  


3  7  9  
6     4
2     5
8  10  1  


3  7  9  
2     4
6     5
8  10  1  


3  7  9  
6     5
2     4
8  10  1  


3  7  9  
2     5
6     4
8  10  1  


3  9  7  
10     2
1     4
5  8  6  


3  9  7  
1     2
10     4
5  8  6  


3  9  7  
10     4
1     2
5  8  6  


3  9  7  
1     4
10     2
5  8  6  


3  9  7  
4     5
2     6
10  8  1  


3  9  7  
2     5
4     6
10  8  1  


3  9  7  
4     6
2     5
10  8  1  


3  9  7  
2     6
4     5
10  8  1  


4  9  6  
3     5
2     7
10  8  1  


4  9  6  
2     5
3     7
10  8  1  


4  9  6  
3     7
2     5
10  8  1  


4  9  6  
2     7
3     5
10  8  1  


5  8  6  
10     2
1     4
3  9  7  


5  8  6  
1     2
10     4
3  9  7  


5  8  6  
10     4
1     2
3  9  7  


5  8  6  
1     4
10     2
3  9  7  


6  8  5  
4     1
2     10
7  9  3  


6  8  5  
2     1
4     10
7  9  3  


6  8  5  
4     10
2     1
7  9  3  


6  8  5  
2     10
4     1
7  9  3  


6  9  4  
7     2
5     3
1  8  10  


6  9  4  
5     2
7     3
1  8  10  


6  9  4  
7     3
5     2
1  8  10  


6  9  4  
5     3
7     2
1  8  10  


7  9  3  
4     1
2     10
6  8  5  


7  9  3  
2     1
4     10
6  8  5  


7  9  3  
6     2
5     4
1  8  10  


7  9  3  
5     2
6     4
1  8  10  


7  9  3  
6     4
5     2
1  8  10  


7  9  3  
5     4
6     2
1  8  10  


7  9  3  
4     10
2     1
6  8  5  


7  9  3  
2     10
4     1
6  8  5  


8  10  1  
6     4
2     5
3  7  9  


8  10  1  
2     4
6     5
3  7  9  


8  10  1  
6     5
2     4
3  7  9  


8  10  1  
2     5
6     4
3  7  9  


9  7  3  
5     2
4     6
1  10  8  


9  7  3  
4     2
5     6
1  10  8  


9  7  3  
5     6
4     2
1  10  8  


9  7  3  
4     6
5     2
1  10  8  


10  8  1  
4     5
2     6
3  9  7  


10  8  1  
2     5
4     6
3  9  7  


10  8  1  
3     5
2     7
4  9  6  


10  8  1  
2     5
3     7
4  9  6  


10  8  1  
4     6
2     5
3  9  7  


10  8  1  
2     6
4     5
3  9  7  


10  8  1  
3     7
2     5
4  9  6  


10  8  1  
2     7
3     5
4  9  6  

