
2  8  10  
6     1
3     5
9  7  4  


2  8  10  
3     1
6     5
9  7  4  


2  8  10  
6     5
3     1
9  7  4  


2  8  10  
3     5
6     1
9  7  4  


3  9  8  
5     1
2     7
10  6  4  


3  9  8  
2     1
5     7
10  6  4  


3  9  8  
5     7
2     1
10  6  4  


3  9  8  
2     7
5     1
10  6  4  


4  6  10  
7     2
1     5
8  9  3  


4  6  10  
1     2
7     5
8  9  3  


4  6  10  
7     5
1     2
8  9  3  


4  6  10  
1     5
7     2
8  9  3  


4  7  9  
5     3
1     6
10  8  2  


4  7  9  
1     3
5     6
10  8  2  


4  7  9  
5     6
1     3
10  8  2  


4  7  9  
1     6
5     3
10  8  2  


8  9  3  
7     2
1     5
4  6  10  


8  9  3  
1     2
7     5
4  6  10  


8  9  3  
7     5
1     2
4  6  10  


8  9  3  
1     5
7     2
4  6  10  


9  7  4  
6     1
3     5
2  8  10  


9  7  4  
3     1
6     5
2  8  10  


9  7  4  
6     5
3     1
2  8  10  


9  7  4  
3     5
6     1
2  8  10  


10  6  4  
5     1
2     7
3  9  8  


10  6  4  
2     1
5     7
3  9  8  


10  6  4  
5     7
2     1
3  9  8  


10  6  4  
2     7
5     1
3  9  8  


10  8  2  
5     3
1     6
4  7  9  


10  8  2  
1     3
5     6
4  7  9  


10  8  2  
5     6
1     3
4  7  9  


10  8  2  
1     6
5     3
4  7  9  

